import numpy as np
res = [[0, 125, 6497, 1, 45, 584, 409, 6344, 2788, 2549, 80, 405, 4913, 250, 488, 225, 4477, 2600, 569, 2353, 4640, 97, 2549, 2788, 2826, 340, 2890, 2788, 6596, 416, 90, 2704, 17, 4372, 4882, 3924, 89], [125, 0, 5832, 106, 260, 369, 274, 5729, 2953, 3034, 85, 170, 3508, 65, 153, 20, 3172, 2745, 234, 2818, 3445, 82, 3034, 2953, 3161, 145, 3185, 2953, 5941, 181, 65, 2909, 212, 3217, 3517, 2669, 324], [6497, 5832, 0, 6370, 7604, 3285, 8482, 5, 1765, 3250, 5161, 7514, 4372, 6869, 4365, 6068, 3604, 1773, 7362, 3250, 2041, 5050, 3250, 1765, 2405, 4141, 2213, 1765, 1, 3961, 7085, 1937, 7124, 2029, 3625, 4505, 8100], [1, 106, 6370, 0, 58, 541, 404, 6221, 2745, 2536, 65, 388, 4778, 233, 445, 202, 4346, 2557, 544, 2340, 4505, 80, 2536, 2745, 2797, 305, 2857, 2745, 6469, 377, 85, 2665, 26, 4241, 4745, 3805, 106], [45, 260, 7604, 58, 0, 953, 370, 7433, 3385, 2978, 245, 450, 5672, 325, 785, 360, 5248, 3185, 650, 2770, 5525, 274, 2978, 3385, 3357, 625, 3445, 3385, 7709, 725, 117, 3277, 8, 5233, 5689, 4581, 8], [584, 369, 3285, 541, 953, 0, 1261, 3200, 1444, 1825, 232, 953, 2845, 698, 144, 461, 2377, 1296, 981, 1669, 2152, 205, 1825, 1444, 1730, 52, 1706, 1444, 3364, 40, 722, 1448, 797, 1972, 2650, 2228, 1125], [409, 274, 8482, 404, 370, 1261, 0, 8381, 4985, 4916, 601, 40, 4234, 85, 685, 202, 4050, 4717, 100, 4640, 4801, 612, 4916, 4985, 5185, 801, 5237, 4985, 8621, 865, 121, 4913, 410, 4545, 4437, 3253, 346], [6344, 5729, 5, 6221, 7433, 3200, 8381, 0, 1604, 3025, 5032, 7433, 4525, 6778, 4304, 5981, 3737, 1616, 7301, 3029, 2152, 4925, 3025, 1604, 2210, 4052, 2026, 1604, 4, 3880, 6962, 1768, 6957, 2132, 3770, 4628, 7925], [2788, 2953, 1765, 2745, 3385, 1444, 4985, 1604, 0, 229, 2132, 4525, 6341, 3890, 2500, 3349, 5417, 4, 4705, 225, 4052, 2105, 229, 0, 58, 1952, 34, 0, 1768, 1940, 3610, 4, 3077, 3872, 5690, 5800, 3709], [2549, 3034, 3250, 2536, 2978, 1825, 4916, 3025, 229, 0, 2117, 4628, 8210, 3973, 2929, 3506, 7202, 241, 4936, 4, 5837, 2120, 0, 229, 65, 2237, 101, 229, 3249, 2285, 3497, 173, 2722, 5597, 7565, 7433, 3250], [80, 85, 5161, 65, 245, 232, 601, 5032, 2132, 2117, 0, 485, 4041, 290, 232, 185, 3589, 1960, 601, 1937, 3600, 1, 2117, 2132, 2258, 100, 2290, 2132, 5252, 144, 194, 2080, 169, 3364, 3946, 3188, 337], [405, 170, 7514, 388, 450, 953, 40, 7433, 4525, 4628, 485, 0, 3482, 25, 425, 90, 3298, 4265, 20, 4360, 3965, 484, 4628, 4525, 4797, 565, 4825, 4525, 7649, 605, 117, 4477, 458, 3733, 3649, 2601, 458], [4913, 3508, 4372, 4778, 5672, 2845, 4234, 4525, 6341, 8210, 4041, 3482, 0, 3497, 2341, 3200, 40, 6085, 3034, 7946, 441, 3922, 8210, 6341, 7433, 2941, 7225, 6341, 4505, 2745, 4289, 6529, 5440, 445, 37, 65, 5920], [250, 65, 6869, 233, 325, 698, 85, 6778, 3890, 3973, 290, 25, 3497, 0, 290, 25, 3253, 3650, 65, 3725, 3770, 289, 3973, 3890, 4132, 370, 4160, 3890, 6994, 410, 52, 3842, 313, 3538, 3604, 2626, 353], [488, 153, 4365, 445, 785, 144, 685, 4304, 2500, 2929, 232, 425, 2341, 290, 0, 149, 2017, 2304, 405, 2725, 2152, 205, 2929, 2500, 2858, 52, 2834, 2500, 4468, 40, 410, 2504, 677, 1972, 2290, 1700, 909], [225, 20, 6068, 202, 360, 461, 202, 5981, 3349, 3506, 185, 90, 3200, 25, 149, 0, 2920, 3125, 122, 3274, 3305, 178, 3506, 3349, 3609, 205, 3625, 3349, 6185, 233, 81, 3313, 320, 3085, 3253, 2385, 416], [4477, 3172, 3604, 4346, 5248, 2377, 4050, 3737, 5417, 7202, 3589, 3298, 40, 3253, 2017, 2920, 0, 5185, 2890, 6962, 229, 3474, 7202, 5417, 6445, 2529, 6245, 5417, 3725, 2341, 3973, 5597, 5000, 225, 9, 85, 5512], [2600, 2745, 1773, 2557, 3185, 1296, 4717, 1616, 4, 241, 1960, 4265, 6085, 3650, 2304, 3125, 5185, 0, 4437, 229, 3880, 1933, 241, 4, 74, 1780, 50, 4, 1780, 1768, 3386, 8, 2885, 3700, 5458, 5540, 3501], [569, 234, 7362, 544, 650, 981, 100, 7301, 4705, 4936, 601, 20, 3034, 65, 405, 122, 2890, 4437, 0, 4660, 3601, 592, 4936, 4705, 5045, 601, 5057, 4705, 7501, 625, 221, 4673, 650, 3385, 3217, 2213, 666], [2353, 2818, 3250, 2340, 2770, 1669, 4640, 3029, 225, 4, 1937, 4360, 7946, 3725, 2725, 3274, 6962, 229, 4660, 0, 5657, 1940, 4, 225, 73, 2057, 109, 225, 3253, 2105, 3265, 169, 2522, 5417, 7325, 7165, 3034], [4640, 3445, 2041, 4505, 5525, 2152, 4801, 2152, 4052, 5837, 3600, 3965, 441, 3770, 2152, 3305, 229, 3880, 3601, 5657, 0, 3481, 5837, 4052, 5018, 2500, 4810, 4052, 2132, 2304, 4394, 4240, 5209, 4, 226, 548, 5857], [97, 82, 5050, 80, 274, 205, 612, 4925, 2105, 2120, 1, 484, 3922, 289, 205, 178, 3474, 1933, 592, 1940, 3481, 0, 2120, 2105, 2245, 81, 2273, 2105, 5141, 121, 205, 2057, 194, 3249, 3825, 3085, 370], [2549, 3034, 3250, 2536, 2978, 1825, 4916, 3025, 229, 0, 2117, 4628, 8210, 3973, 2929, 3506, 7202, 241, 4936, 4, 5837, 2120, 0, 229, 65, 2237, 101, 229, 3249, 2285, 3497, 173, 2722, 5597, 7565, 7433, 3250], [2788, 2953, 1765, 2745, 3385, 1444, 4985, 1604, 0, 229, 2132, 4525, 6341, 3890, 2500, 3349, 5417, 4, 4705, 225, 4052, 2105, 229, 0, 58, 1952, 34, 0, 1768, 1940, 3610, 4, 3077, 3872, 5690, 5800, 3709], [2826, 3161, 2405, 2797, 3357, 1730, 5185, 2210, 58, 65, 2258, 4797, 7433, 4132, 2858, 3609, 6445, 74, 5045, 73, 5018, 2245, 65, 58, 0, 2218, 4, 58, 2402, 2234, 3744, 34, 3065, 4810, 6760, 6786, 3665], [340, 145, 4141, 305, 625, 52, 801, 4052, 1952, 2237, 100, 565, 2941, 370, 52, 205, 2529, 1780, 601, 2057, 2500, 81, 2237, 1952, 2218, 0, 2210, 1952, 4232, 4, 394, 1940, 509, 2304, 2826, 2248, 757], [2890, 3185, 2213, 2857, 3445, 1706, 5237, 2026, 34, 101, 2290, 4825, 7225, 4160, 2834, 3625, 6245, 50, 5057, 109, 4810, 2273, 101, 34, 4, 2210, 0, 34, 2210, 2218, 3796, 18, 3145, 4610, 6548, 6610, 3761], [2788, 2953, 1765, 2745, 3385, 1444, 4985, 1604, 0, 229, 2132, 4525, 6341, 3890, 2500, 3349, 5417, 4, 4705, 225, 4052, 2105, 229, 0, 58, 1952, 34, 0, 1768, 1940, 3610, 4, 3077, 3872, 5690, 5800, 3709], [6596, 5941, 1, 6469, 7709, 3364, 8621, 4, 1768, 3249, 5252, 7649, 4505, 6994, 4468, 6185, 3725, 1780, 7501, 3253, 2132, 5141, 3249, 1768, 2402, 4232, 2210, 1768, 0, 4052, 7202, 1940, 7225, 2120, 3746, 4640, 8209], [416, 181, 3961, 377, 725, 40, 865, 3880, 1940, 2285, 144, 605, 2745, 410, 40, 233, 2341, 1768, 625, 2105, 2304, 121, 2285, 1940, 2234, 4, 2218, 1940, 4052, 0, 458, 1936, 601, 2116, 2626, 2084, 865], [90, 65, 7085, 85, 117, 722, 121, 6962, 3610, 3497, 194, 117, 4289, 52, 410, 81, 3973, 3386, 221, 3265, 4394, 205, 3497, 3610, 3744, 394, 3796, 3610, 7202, 458, 0, 3538, 113, 4138, 4360, 3330, 137], [2704, 2909, 1937, 2665, 3277, 1448, 4913, 1768, 4, 173, 2080, 4477, 6529, 3842, 2504, 3313, 5597, 8, 4673, 169, 4240, 2057, 173, 4, 34, 1940, 18, 4, 1940, 1936, 3538, 0, 2977, 4052, 5882, 5956, 3593], [17, 212, 7124, 26, 8, 797, 410, 6957, 3077, 2722, 169, 458, 5440, 313, 677, 320, 5000, 2885, 650, 2522, 5209, 194, 2722, 3077, 3065, 509, 3145, 3077, 7225, 601, 113, 2977, 0, 4925, 5429, 4385, 32], [4372, 3217, 2029, 4241, 5233, 1972, 4545, 2132, 3872, 5597, 3364, 3733, 445, 3538, 1972, 3085, 225, 3700, 3385, 5417, 4, 3249, 5597, 3872, 4810, 2304, 4610, 3872, 2120, 2116, 4138, 4052, 4925, 0, 234, 520, 5557], [4882, 3517, 3625, 4745, 5689, 2650, 4437, 3770, 5690, 7565, 3946, 3649, 37, 3604, 2290, 3253, 9, 5458, 3217, 7325, 226, 3825, 7565, 5690, 6760, 2826, 6548, 5690, 3746, 2626, 4360, 5882, 5429, 234, 0, 130, 5965], [3924, 2669, 4505, 3805, 4581, 2228, 3253, 4628, 5800, 7433, 3188, 2601, 65, 2626, 1700, 2385, 85, 5540, 2213, 7165, 548, 3085, 7433, 5800, 6786, 2248, 6610, 5800, 4640, 2084, 3330, 5956, 4385, 520, 130, 0, 4793], [89, 324, 8100, 106, 8, 1125, 346, 7925, 3709, 3250, 337, 458, 5920, 353, 909, 416, 5512, 3501, 666, 3034, 5857, 370, 3250, 3709, 3665, 757, 3761, 3709, 8209, 865, 137, 3593, 32, 5557, 5965, 4793, 0]]
res = np.array(res)
n = len(res)
flag_format = np.array(list(map(ord, "cuhk25ctf{"))).reshape((-1, 2))
flag = ""

for i in range(n):
    ok = False
    for x in range(128):
        for y in range(128):
            test = np.array([[x, y]])
            dist = ((flag_format[:, np.newaxis, :] - test[np.newaxis, :, :])**2).sum(axis=2)
            dist = dist.flatten()
            if (dist == res[i, :len(dist)]).all():
                flag += chr(x) + chr(y)
                ok = True
                break
        if ok:
            break

print(flag)